Time	KineticEnergy	Potential Energy	Temperature
0	1045.52	-7389.07	0.806728
0.001	1044.38	-7387.93	0.805851
0.002	1042.48	-7386.03	0.804383
0.003	1039.82	-7383.36	0.802327
0.004	1036.39	-7379.94	0.799683
0.005	1032.2	-7375.75	0.796454
0.006	1027.26	-7370.81	0.792642
0.007	1021.57	-7365.12	0.788251
0.008	1015.14	-7358.69	0.783285
0.009	1007.96	-7351.51	0.777749
0.01	1000.06	-7343.6	0.771648
0.011	991.424	-7334.97	0.764988
0.012	982.077	-7325.62	0.757776
0.013	972.026	-7315.57	0.75002
0.014	961.281	-7304.83	0.741729
0.015	949.856	-7293.4	0.732914
0.016	937.766	-7281.31	0.723585
0.017	925.025	-7268.57	0.713754
0.018	911.651	-7255.19	0.703435
0.019	897.665	-7241.21	0.692642
0.02	883.086	-7226.63	0.681393
0.021	867.938	-7211.48	0.669705
0.022	852.245	-7195.78	0.657597
0.023	836.036	-7179.57	0.64509
0.024	819.339	-7162.87	0.632206
0.025	802.186	-7145.72	0.61897
0.026	784.61	-7128.14	0.605409
0.027	766.648	-7110.18	0.591549
0.028	748.338	-7091.86	0.577421
0.029	729.72	-7073.24	0.563056
0.03	710.839	-7054.36	0.548487
0.031	691.739	-7035.26	0.533749
0.032	672.467	-7015.98	0.518879
0.033	653.073	-6996.59	0.503914
0.034	633.609	-6977.12	0.488896
0.035	614.126	-6957.63	0.473863
0.036	594.681	-6938.18	0.458859
0.037	575.328	-6918.83	0.443926
0.038	556.125	-6899.62	0.429108
0.039	537.127	-6880.62	0.41445
0.04	518.394	-6861.88	0.399996
0.041	499.983	-6843.47	0.385789
0.042	481.949	-6825.43	0.371874
0.043	464.35	-6807.83	0.358295
0.044	447.241	-6790.72	0.345093
0.045	430.673	-6774.15	0.332309
0.046	414.698	-6758.17	0.319983
0.047	399.364	-6742.83	0.308151
0.048	384.715	-6728.18	0.296848
0.049	370.794	-6714.26	0.286107
0.05	357.639	-6701.1	0.275956
0.051	345.282	-6688.74	0.266421
0.052	333.754	-6677.21	0.257526
0.053	323.08	-6666.54	0.24929
0.054	313.279	-6656.73	0.241728
0.055	304.368	-6647.82	0.234852
0.056	296.355	-6639.81	0.228669
0.057	289.248	-6632.7	0.223185
0.058	283.046	-6626.5	0.2184
0.059	277.746	-6621.2	0.21431
0.06	273.337	-6616.79	0.210909
0.061	269.808	-6613.26	0.208185
0.062	267.141	-6610.6	0.206127
0.063	265.313	-6608.77	0.204717
0.064	264.3	-6607.76	0.203935
0.065	264.073	-6607.54	0.20376
0.066	264.6	-6608.06	0.204167
0.067	265.847	-6609.31	0.205129
0.068	267.778	-6611.25	0.206619
0.069	270.352	-6613.82	0.208605
0.07	273.531	-6617.01	0.211058
0.071	277.272	-6620.75	0.213945
0.072	281.533	-6625.01	0.217232
0.073	286.27	-6629.75	0.220888
0.074	291.44	-6634.93	0.224877
0.075	296.999	-6640.49	0.229166
0.076	302.904	-6646.39	0.233722
0.077	309.111	-6652.6	0.238512
0.078	315.579	-6659.07	0.243502
0.079	322.266	-6665.76	0.248662
0.08	329.132	-6672.63	0.25396
0.081	336.137	-6679.64	0.259365
0.082	343.245	-6686.75	0.264849
0.083	350.419	-6693.93	0.270385
0.084	357.624	-6701.13	0.275945
0.085	364.829	-6708.34	0.281504
0.086	372.001	-6715.51	0.287038
0.087	379.112	-6722.63	0.292525
0.088	386.134	-6729.65	0.297943
0.089	393.043	-6736.56	0.303274
0.09	399.813	-6743.33	0.308497
0.091	406.423	-6749.94	0.313598
0.092	412.854	-6756.37	0.31856
0.093	419.087	-6762.61	0.32337
0.094	425.106	-6768.63	0.328014
0.095	430.897	-6774.42	0.332482
0.096	436.446	-6779.97	0.336764
0.097	441.743	-6785.27	0.340851
0.098	446.777	-6790.3	0.344736
0.099	451.542	-6795.07	0.348412
0.1	456.031	-6799.55	0.351875
0.101	460.238	-6803.76	0.355122
0.102	464.16	-6807.68	0.358148
0.103	467.794	-6811.32	0.360952
0.104	471.141	-6814.66	0.363535
0.105	474.2	-6817.72	0.365895
0.106	476.972	-6820.5	0.368034
0.107	479.461	-6822.98	0.369954
0.108	481.669	-6825.19	0.371658
0.109	483.601	-6827.12	0.373149
0.11	485.262	-6828.78	0.374431
0.111	486.66	-6830.18	0.375509
0.112	487.8	-6831.32	0.376389
0.113	488.692	-6832.21	0.377077
0.114	489.342	-6832.86	0.377579
0.115	489.762	-6833.28	0.377903
0.116	489.96	-6833.48	0.378055
0.117	489.947	-6833.46	0.378045
0.118	489.734	-6833.25	0.377881
0.119	489.332	-6832.85	0.377571
0.12	488.753	-6832.27	0.377124
0.121	488.01	-6831.52	0.376551
0.122	487.114	-6830.63	0.375859
0.123	486.079	-6829.59	0.375061
0.124	484.918	-6828.43	0.374165
0.125	483.644	-6827.15	0.373182
0.126	482.271	-6825.78	0.372122
0.127	480.811	-6824.32	0.370997
0.128	479.28	-6822.79	0.369815
0.129	477.691	-6821.2	0.368589
0.13	476.058	-6819.56	0.367329
0.131	474.394	-6817.9	0.366045
0.132	472.713	-6816.22	0.364748
0.133	471.029	-6814.53	0.363449
0.134	469.356	-6812.86	0.362157
0.135	467.706	-6811.21	0.360884
0.136	466.093	-6809.6	0.35964
0.137	464.529	-6808.03	0.358433
0.138	463.028	-6806.53	0.357274
0.139	461.6	-6805.1	0.356173
0.14	460.257	-6803.76	0.355137
0.141	459.011	-6802.51	0.354175
0.142	457.872	-6801.37	0.353297
0.143	456.85	-6800.35	0.352508
0.144	455.955	-6799.45	0.351817
0.145	455.194	-6798.69	0.35123
0.146	454.577	-6798.07	0.350754
0.147	454.11	-6797.61	0.350393
0.148	453.799	-6797.29	0.350153
0.149	453.65	-6797.15	0.350039
0.15	453.668	-6797.16	0.350053
0.151	453.857	-6797.35	0.350198
0.152	454.22	-6797.71	0.350478
0.153	454.759	-6798.25	0.350894
0.154	455.475	-6798.97	0.351447
0.155	456.369	-6799.86	0.352136
0.156	457.44	-6800.93	0.352963
0.157	458.688	-6802.18	0.353926
0.158	460.11	-6803.6	0.355023
0.159	461.703	-6805.2	0.356252
0.16	463.465	-6806.96	0.357612
0.161	465.391	-6808.89	0.359098
0.162	467.476	-6810.97	0.360707
0.163	469.716	-6813.21	0.362435
0.164	472.104	-6815.6	0.364278
0.165	474.634	-6818.13	0.36623
0.166	477.3	-6820.8	0.368287
0.167	480.094	-6823.59	0.370443
0.168	483.01	-6826.51	0.372693
0.169	486.039	-6829.54	0.37503
0.17	489.175	-6832.67	0.37745
0.171	492.408	-6835.91	0.379944
0.172	495.731	-6839.23	0.382508
0.173	499.135	-6842.64	0.385135
0.174	502.613	-6846.11	0.387818
0.175	506.155	-6849.66	0.390552
0.176	509.753	-6853.26	0.393328
0.177	513.4	-6856.9	0.396142
0.178	517.086	-6860.59	0.398986
0.179	520.803	-6864.31	0.401854
0.18	524.543	-6868.05	0.40474
0.181	528.298	-6871.8	0.407637
0.182	532.058	-6875.56	0.410539
0.183	535.818	-6879.32	0.413439
0.184	539.567	-6883.07	0.416332
0.185	543.298	-6886.8	0.419211
0.186	547.003	-6890.51	0.422071
0.187	550.675	-6894.18	0.424904
0.188	554.306	-6897.81	0.427705
0.189	557.887	-6901.4	0.430469
0.19	561.413	-6904.92	0.433189
0.191	564.874	-6908.38	0.43586
0.192	568.264	-6911.77	0.438476
0.193	571.577	-6915.09	0.441031
0.194	574.804	-6918.31	0.443521
0.195	577.939	-6921.45	0.445941
0.196	580.977	-6924.49	0.448284
0.197	583.909	-6927.42	0.450547
0.198	586.731	-6930.24	0.452725
0.199	589.437	-6932.95	0.454812
0.2	592.02	-6935.53	0.456805
0.201	594.475	-6937.99	0.4587
0.202	596.798	-6940.31	0.460493
0.203	598.984	-6942.5	0.462179
0.204	601.028	-6944.54	0.463757
0.205	602.927	-6946.44	0.465222
0.206	604.677	-6948.19	0.466571
0.207	606.273	-6949.79	0.467804
0.208	607.715	-6951.23	0.468916
0.209	608.999	-6952.51	0.469907
0.21	610.123	-6953.64	0.470774
0.211	611.085	-6954.6	0.471516
0.212	611.885	-6955.4	0.472134
0.213	612.522	-6956.04	0.472625
0.214	612.995	-6956.51	0.47299
0.215	613.305	-6956.82	0.473229
0.216	613.452	-6956.97	0.473342
0.217	613.437	-6956.95	0.473331
0.218	613.261	-6956.78	0.473195
0.219	612.928	-6956.44	0.472938
0.22	612.438	-6955.95	0.47256
0.221	611.795	-6955.31	0.472064
0.222	611.002	-6954.51	0.471452
0.223	610.061	-6953.57	0.470726
0.224	608.978	-6952.49	0.469891
0.225	607.756	-6951.27	0.468948
0.226	606.4	-6949.91	0.467901
0.227	604.914	-6948.43	0.466754
0.228	603.303	-6946.81	0.465512
0.229	601.573	-6945.08	0.464177
0.23	599.729	-6943.24	0.462754
0.231	597.777	-6941.29	0.461248
0.232	595.723	-6939.23	0.459663
0.233	593.574	-6937.08	0.458004
0.234	591.334	-6934.84	0.456276
0.235	589.011	-6932.52	0.454484
0.236	586.611	-6930.12	0.452632
0.237	584.14	-6927.65	0.450726
0.238	581.607	-6925.11	0.448771
0.239	579.016	-6922.52	0.446772
0.24	576.375	-6919.88	0.444734
0.241	573.691	-6917.2	0.442663
0.242	570.97	-6914.48	0.440564
0.243	568.22	-6911.73	0.438442
0.244	565.448	-6908.95	0.436302
0.245	562.659	-6906.16	0.434151
0.246	559.862	-6903.37	0.431992
0.247	557.062	-6900.57	0.429832
0.248	554.267	-6897.77	0.427675
0.249	551.483	-6894.99	0.425527
0.25	548.717	-6892.22	0.423393
0.251	545.976	-6889.48	0.421278
0.252	543.265	-6886.77	0.419186
0.253	540.592	-6884.1	0.417124
0.254	537.963	-6881.47	0.415095
0.255	535.384	-6878.89	0.413105
0.256	532.86	-6876.36	0.411157
0.257	530.398	-6873.9	0.409257
0.258	528.003	-6871.5	0.407409
0.259	525.68	-6869.18	0.405617
0.26	523.436	-6866.94	0.403886
0.261	521.274	-6864.77	0.402218
0.262	519.2	-6862.7	0.400617
0.263	517.218	-6860.72	0.399088
0.264	515.331	-6858.83	0.397632
0.265	513.545	-6857.04	0.396254
0.266	511.861	-6855.36	0.394955
0.267	510.284	-6853.78	0.393738
0.268	508.816	-6852.32	0.392605
0.269	507.459	-6850.96	0.391558
0.27	506.216	-6849.71	0.390599
0.271	505.087	-6848.59	0.389727
0.272	504.074	-6847.57	0.388946
0.273	503.177	-6846.68	0.388254
0.274	502.397	-6845.9	0.387652
0.275	501.733	-6845.23	0.38714
0.276	501.185	-6844.68	0.386717
0.277	500.753	-6844.25	0.386383
0.278	500.434	-6843.93	0.386137
0.279	500.227	-6843.73	0.385978
0.28	500.131	-6843.63	0.385903
0.281	500.142	-6843.64	0.385912
0.282	500.257	-6843.76	0.386001
0.283	500.476	-6843.98	0.386169
0.284	500.793	-6844.29	0.386414
0.285	501.205	-6844.71	0.386732
0.286	501.71	-6845.21	0.387122
0.287	502.302	-6845.8	0.387579
0.288	502.979	-6846.48	0.388101
0.289	503.736	-6847.24	0.388685
0.29	504.569	-6848.07	0.389328
0.291	505.473	-6848.98	0.390026
0.292	506.445	-6849.95	0.390776
0.293	507.48	-6850.98	0.391574
0.294	508.573	-6852.08	0.392418
0.295	509.72	-6853.22	0.393303
0.296	510.916	-6854.42	0.394226
0.297	512.157	-6855.66	0.395183
0.298	513.438	-6856.94	0.396172
0.299	514.755	-6858.26	0.397187
0.3	516.102	-6859.61	0.398227
0.301	517.476	-6860.98	0.399287
0.302	518.871	-6862.38	0.400364
0.303	520.284	-6863.79	0.401454
0.304	521.709	-6865.21	0.402553
0.305	523.142	-6866.65	0.403659
0.306	524.578	-6868.08	0.404767
0.307	526.014	-6869.52	0.405875
0.308	527.444	-6870.95	0.406979
0.309	528.865	-6872.37	0.408075
0.31	530.271	-6873.78	0.40916
0.311	531.66	-6875.17	0.410231
0.312	533.025	-6876.53	0.411285
0.313	534.365	-6877.87	0.412319
0.314	535.674	-6879.18	0.413329
0.315	536.948	-6880.46	0.414312
0.316	538.185	-6881.69	0.415266
0.317	539.38	-6882.89	0.416188
0.318	540.53	-6884.04	0.417075
0.319	541.631	-6885.14	0.417925
0.32	542.68	-6886.19	0.418735
0.321	543.675	-6887.18	0.419502
0.322	544.612	-6888.12	0.420225
0.323	545.489	-6889	0.420902
0.324	546.303	-6889.81	0.42153
0.325	547.052	-6890.56	0.422108
0.326	547.734	-6891.24	0.422634
0.327	548.347	-6891.86	0.423107
0.328	548.889	-6892.4	0.423526
0.329	549.359	-6892.87	0.423888
0.33	549.757	-6893.27	0.424195
0.331	550.08	-6893.59	0.424445
0.332	550.329	-6893.84	0.424636
0.333	550.502	-6894.01	0.42477
0.334	550.601	-6894.11	0.424846
0.335	550.624	-6894.13	0.424864
0.336	550.573	-6894.08	0.424825
0.337	550.448	-6893.96	0.424728
0.338	550.25	-6893.76	0.424575
0.339	549.98	-6893.49	0.424367
0.34	549.639	-6893.15	0.424105
0.341	549.231	-6892.74	0.423789
0.342	548.755	-6892.26	0.423422
0.343	548.216	-6891.72	0.423006
0.344	547.614	-6891.12	0.422542
0.345	546.953	-6890.46	0.422032
0.346	546.237	-6889.75	0.421479
0.347	545.468	-6888.98	0.420886
0.348	544.649	-6888.16	0.420254
0.349	543.785	-6887.29	0.419587
0.35	542.879	-6886.39	0.418888
0.351	541.935	-6885.44	0.41816
0.352	540.957	-6884.46	0.417405
0.353	539.951	-6883.46	0.416629
0.354	538.919	-6882.43	0.415833
0.355	537.868	-6881.37	0.415022
0.356	536.801	-6880.31	0.414198
0.357	535.723	-6879.23	0.413367
0.358	534.64	-6878.15	0.412531
0.359	533.556	-6877.06	0.411694
0.36	532.475	-6875.98	0.41086
0.361	531.403	-6874.91	0.410033
0.362	530.344	-6873.85	0.409216
0.363	529.304	-6872.81	0.408413
0.364	528.286	-6871.79	0.407628
0.365	527.295	-6870.8	0.406863
0.366	526.335	-6869.84	0.406123
0.367	525.411	-6868.91	0.40541
0.368	524.526	-6868.03	0.404727
0.369	523.684	-6867.19	0.404077
0.37	522.889	-6866.39	0.403464
0.371	522.143	-6865.65	0.402888
0.372	521.449	-6864.95	0.402352
0.373	520.81	-6864.31	0.401859
0.374	520.227	-6863.73	0.40141
0.375	519.704	-6863.21	0.401006
0.376	519.24	-6862.74	0.400648
0.377	518.838	-6862.34	0.400338
0.378	518.497	-6862	0.400075
0.379	518.219	-6861.72	0.399861
0.38	518.004	-6861.51	0.399694
0.381	517.85	-6861.35	0.399576
0.382	517.758	-6861.26	0.399505
0.383	517.726	-6861.23	0.39948
0.384	517.754	-6861.26	0.399501
0.385	517.839	-6861.34	0.399567
0.386	517.98	-6861.48	0.399676
0.387	518.174	-6861.68	0.399826
0.388	518.42	-6861.92	0.400016
0.389	518.715	-6862.22	0.400243
0.39	519.057	-6862.56	0.400507
0.391	519.441	-6862.94	0.400803
0.392	519.866	-6863.37	0.401131
0.393	520.328	-6863.83	0.401487
0.394	520.824	-6864.33	0.40187
0.395	521.35	-6864.85	0.402276
0.396	521.904	-6865.41	0.402704
0.397	522.481	-6865.99	0.403149
0.398	523.079	-6866.58	0.403611
0.399	523.694	-6867.2	0.404085
0.4	524.323	-6867.83	0.40457
0.401	524.962	-6868.47	0.405063
0.402	525.608	-6869.11	0.405562
0.403	526.258	-6869.76	0.406063
0.404	526.908	-6870.41	0.406565
0.405	527.556	-6871.06	0.407065
0.406	528.198	-6871.7	0.40756
0.407	528.832	-6872.34	0.40805
0.408	529.456	-6872.96	0.408531
0.409	530.066	-6873.57	0.409001
0.41	530.66	-6874.17	0.40946
0.411	531.237	-6874.74	0.409905
0.412	531.794	-6875.3	0.410335
0.413	532.329	-6875.84	0.410747
0.414	532.84	-6876.35	0.411142
0.415	533.327	-6876.83	0.411518
0.416	533.788	-6877.3	0.411874
0.417	534.222	-6877.73	0.412208
0.418	534.628	-6878.14	0.412521
0.419	535.004	-6878.51	0.412812
0.42	535.351	-6878.86	0.41308
0.421	535.669	-6879.18	0.413325
0.422	535.956	-6879.46	0.413546
0.423	536.213	-6879.72	0.413745
0.424	536.44	-6879.95	0.413919
0.425	536.636	-6880.14	0.414071
0.426	536.803	-6880.31	0.4142
0.427	536.94	-6880.45	0.414306
0.428	537.049	-6880.56	0.414389
0.429	537.129	-6880.64	0.414451
0.43	537.182	-6880.69	0.414492
0.431	537.207	-6880.71	0.414512
0.432	537.208	-6880.71	0.414512
0.433	537.183	-6880.69	0.414493
0.434	537.135	-6880.64	0.414456
0.435	537.064	-6880.57	0.414401
0.436	536.972	-6880.48	0.414331
0.437	536.86	-6880.37	0.414244
0.438	536.73	-6880.24	0.414144
0.439	536.583	-6880.09	0.41403
0.44	536.42	-6879.93	0.413904
0.441	536.243	-6879.75	0.413768
0.442	536.053	-6879.56	0.413622
0.443	535.854	-6879.36	0.413467
0.444	535.645	-6879.15	0.413306
0.445	535.428	-6878.93	0.413139
0.446	535.207	-6878.71	0.412968
0.447	534.981	-6878.49	0.412794
0.448	534.754	-6878.26	0.412619
0.449	534.527	-6878.03	0.412444
0.45	534.301	-6877.81	0.412269
0.451	534.079	-6877.58	0.412098
0.452	533.862	-6877.37	0.411931
0.453	533.653	-6877.16	0.411769
0.454	533.452	-6876.96	0.411614
0.455	533.262	-6876.77	0.411467
0.456	533.084	-6876.59	0.41133
0.457	532.919	-6876.42	0.411203
0.458	532.771	-6876.28	0.411088
0.459	532.639	-6876.14	0.410987
0.46	532.525	-6876.03	0.410899
